Mean:       0.09047241153032255%
Standard deviation:2.377572314951433%
Minimum:    -7.361679343199977%
Maximum:    9.530516771913565%

-4.67, 4.85